Intercept: 3.052514630571487
CO: 0.8748022851358025
Ozone: 0.4733848129762619
PM10: -0.022097040972967875
PM25: 0.6833781147960333
NO2: -0.2763970239286096
